ID	lgth	out	in	long_cov	short1_cov	short1_Ocov	short2_cov	short2_Ocov	short3_cov	short3_Ocov	short4_cov	short4_Ocov	long_nb	short1_nb	short2_nb	short3_nb	short4_nb
1	298	0	0	0.000000	2.271812	2.271812	0.000000	0.000000	0.000000	0.000000	0.000000	0.000000	0	N/A	N/A	N/A	N/A
2	286	0	0	0.000000	1.958042	1.958042	0.000000	0.000000	0.000000	0.000000	0.000000	0.000000	0	N/A	N/A	N/A	N/A
3	296	0	0	0.000000	2.304054	2.304054	0.000000	0.000000	0.000000	0.000000	0.000000	0.000000	0	N/A	N/A	N/A	N/A
4	348	0	0	0.000000	2.341954	2.341954	0.000000	0.000000	0.000000	0.000000	0.000000	0.000000	0	N/A	N/A	N/A	N/A
5	311	0	0	0.000000	3.372990	3.372990	0.000000	0.000000	0.000000	0.000000	0.000000	0.000000	0	N/A	N/A	N/A	N/A
6	101	0	0	0.000000	2.643564	2.643564	0.000000	0.000000	0.000000	0.000000	0.000000	0.000000	0	N/A	N/A	N/A	N/A
7	263	0	0	0.000000	1.585551	1.585551	0.000000	0.000000	0.000000	0.000000	0.000000	0.000000	0	N/A	N/A	N/A	N/A
8	522	0	0	0.000000	2.986590	2.986590	0.000000	0.000000	0.000000	0.000000	0.000000	0.000000	0	N/A	N/A	N/A	N/A
9	659	0	0	0.000000	4.220030	4.220030	0.000000	0.000000	0.000000	0.000000	0.000000	0.000000	0	N/A	N/A	N/A	N/A
10	349	1	0	0.000000	2.295129	2.295129	0.000000	0.000000	0.000000	0.000000	0.000000	0.000000	0	N/A	N/A	N/A	N/A
11	978	0	0	0.000000	2.049080	2.049080	0.000000	0.000000	0.000000	0.000000	0.000000	0.000000	0	N/A	N/A	N/A	N/A
12	87	0	0	0.000000	2.528736	2.528736	0.000000	0.000000	0.000000	0.000000	0.000000	0.000000	0	N/A	N/A	N/A	N/A
13	68	0	0	0.000000	1.882353	1.882353	0.000000	0.000000	0.000000	0.000000	0.000000	0.000000	0	N/A	N/A	N/A	N/A
14	123	0	0	0.000000	3.048780	3.048780	0.000000	0.000000	0.000000	0.000000	0.000000	0.000000	0	N/A	N/A	N/A	N/A
15	132	0	0	0.000000	3.272727	3.272727	0.000000	0.000000	0.000000	0.000000	0.000000	0.000000	0	N/A	N/A	N/A	N/A
16	278	0	0	0.000000	1.812950	1.812950	0.000000	0.000000	0.000000	0.000000	0.000000	0.000000	0	N/A	N/A	N/A	N/A
17	96	0	0	0.000000	1.531250	1.531250	0.000000	0.000000	0.000000	0.000000	0.000000	0.000000	0	N/A	N/A	N/A	N/A
18	260	0	0	0.000000	2.500000	2.500000	0.000000	0.000000	0.000000	0.000000	0.000000	0.000000	0	N/A	N/A	N/A	N/A
19	695	0	0	0.000000	2.951079	2.951079	0.000000	0.000000	0.000000	0.000000	0.000000	0.000000	0	N/A	N/A	N/A	N/A
20	75	0	0	0.000000	1.493333	1.493333	0.000000	0.000000	0.000000	0.000000	0.000000	0.000000	0	N/A	N/A	N/A	N/A
21	95	0	0	0.000000	1.536842	1.536842	0.000000	0.000000	0.000000	0.000000	0.000000	0.000000	0	N/A	N/A	N/A	N/A
22	259	0	0	0.000000	1.498069	1.498069	0.000000	0.000000	0.000000	0.000000	0.000000	0.000000	0	N/A	N/A	N/A	N/A
23	130	0	0	0.000000	3.161538	3.161538	0.000000	0.000000	0.000000	0.000000	0.000000	0.000000	0	N/A	N/A	N/A	N/A
24	100	0	0	0.000000	2.470000	2.470000	0.000000	0.000000	0.000000	0.000000	0.000000	0.000000	0	N/A	N/A	N/A	N/A
25	82	0	0	0.000000	1.621951	1.621951	0.000000	0.000000	0.000000	0.000000	0.000000	0.000000	0	N/A	N/A	N/A	N/A
26	83	0	0	0.000000	1.927711	1.927711	0.000000	0.000000	0.000000	0.000000	0.000000	0.000000	0	N/A	N/A	N/A	N/A
27	176	0	0	0.000000	1.170455	1.170455	0.000000	0.000000	0.000000	0.000000	0.000000	0.000000	0	N/A	N/A	N/A	N/A
28	1313	0	0	0.000000	3.480579	3.480579	0.000000	0.000000	0.000000	0.000000	0.000000	0.000000	0	N/A	N/A	N/A	N/A
29	239	0	0	0.000000	2.205021	2.205021	0.000000	0.000000	0.000000	0.000000	0.000000	0.000000	0	N/A	N/A	N/A	N/A
30	270	0	0	0.000000	2.274074	2.274074	0.000000	0.000000	0.000000	0.000000	0.000000	0.000000	0	N/A	N/A	N/A	N/A
31	116	0	0	0.000000	2.603448	2.603448	0.000000	0.000000	0.000000	0.000000	0.000000	0.000000	0	N/A	N/A	N/A	N/A
32	81	0	0	0.000000	2.407407	2.407407	0.000000	0.000000	0.000000	0.000000	0.000000	0.000000	0	N/A	N/A	N/A	N/A
33	91	0	0	0.000000	2.351648	2.351648	0.000000	0.000000	0.000000	0.000000	0.000000	0.000000	0	N/A	N/A	N/A	N/A
34	142	0	0	0.000000	2.436620	2.436620	0.000000	0.000000	0.000000	0.000000	0.000000	0.000000	0	N/A	N/A	N/A	N/A
35	281	0	0	0.000000	1.733096	1.733096	0.000000	0.000000	0.000000	0.000000	0.000000	0.000000	0	N/A	N/A	N/A	N/A
36	145	0	0	0.000000	2.006897	2.006897	0.000000	0.000000	0.000000	0.000000	0.000000	0.000000	0	N/A	N/A	N/A	N/A
37	225	1	0	0.000000	2.186667	2.186667	0.000000	0.000000	0.000000	0.000000	0.000000	0.000000	0	N/A	N/A	N/A	N/A
38	15	1	2	0.000000	2.133333	2.133333	0.000000	0.000000	0.000000	0.000000	0.000000	0.000000	0	N/A	N/A	N/A	N/A
39	431	0	0	0.000000	2.744780	2.744780	0.000000	0.000000	0.000000	0.000000	0.000000	0.000000	0	N/A	N/A	N/A	N/A
40	1038	0	0	0.000000	2.689788	2.689788	0.000000	0.000000	0.000000	0.000000	0.000000	0.000000	0	N/A	N/A	N/A	N/A
41	70	0	0	0.000000	2.000000	2.000000	0.000000	0.000000	0.000000	0.000000	0.000000	0.000000	0	N/A	N/A	N/A	N/A
42	502	0	0	0.000000	1.930279	1.930279	0.000000	0.000000	0.000000	0.000000	0.000000	0.000000	0	N/A	N/A	N/A	N/A
43	80	0	0	0.000000	1.850000	1.850000	0.000000	0.000000	0.000000	0.000000	0.000000	0.000000	0	N/A	N/A	N/A	N/A
44	111	0	0	0.000000	2.162162	2.162162	0.000000	0.000000	0.000000	0.000000	0.000000	0.000000	0	N/A	N/A	N/A	N/A
45	513	0	0	0.000000	2.434698	2.434698	0.000000	0.000000	0.000000	0.000000	0.000000	0.000000	0	N/A	N/A	N/A	N/A
46	252	0	0	0.000000	1.575397	1.575397	0.000000	0.000000	0.000000	0.000000	0.000000	0.000000	0	N/A	N/A	N/A	N/A
47	564	0	0	0.000000	2.554965	2.554965	0.000000	0.000000	0.000000	0.000000	0.000000	0.000000	0	N/A	N/A	N/A	N/A
48	100	0	0	0.000000	3.080000	3.080000	0.000000	0.000000	0.000000	0.000000	0.000000	0.000000	0	N/A	N/A	N/A	N/A
49	84	0	0	0.000000	2.928571	2.928571	0.000000	0.000000	0.000000	0.000000	0.000000	0.000000	0	N/A	N/A	N/A	N/A
50	511	0	0	0.000000	2.001957	2.001957	0.000000	0.000000	0.000000	0.000000	0.000000	0.000000	0	N/A	N/A	N/A	N/A
51	375	0	0	0.000000	2.917333	2.917333	0.000000	0.000000	0.000000	0.000000	0.000000	0.000000	0	N/A	N/A	N/A	N/A
52	81	0	0	0.000000	2.086420	2.086420	0.000000	0.000000	0.000000	0.000000	0.000000	0.000000	0	N/A	N/A	N/A	N/A
53	45	0	0	0.000000	1.222222	1.222222	0.000000	0.000000	0.000000	0.000000	0.000000	0.000000	0	N/A	N/A	N/A	N/A
54	99	0	0	0.000000	2.666667	2.666667	0.000000	0.000000	0.000000	0.000000	0.000000	0.000000	0	N/A	N/A	N/A	N/A
55	125	0	0	0.000000	2.752000	2.752000	0.000000	0.000000	0.000000	0.000000	0.000000	0.000000	0	N/A	N/A	N/A	N/A
56	433	0	0	0.000000	3.016166	3.016166	0.000000	0.000000	0.000000	0.000000	0.000000	0.000000	0	N/A	N/A	N/A	N/A
57	211	0	0	0.000000	3.265403	3.265403	0.000000	0.000000	0.000000	0.000000	0.000000	0.000000	0	N/A	N/A	N/A	N/A
58	74	0	0	0.000000	1.621622	1.621622	0.000000	0.000000	0.000000	0.000000	0.000000	0.000000	0	N/A	N/A	N/A	N/A
59	210	0	0	0.000000	1.919048	1.919048	0.000000	0.000000	0.000000	0.000000	0.000000	0.000000	0	N/A	N/A	N/A	N/A
60	208	0	0	0.000000	1.850962	1.850962	0.000000	0.000000	0.000000	0.000000	0.000000	0.000000	0	N/A	N/A	N/A	N/A
61	189	0	0	0.000000	1.693122	1.693122	0.000000	0.000000	0.000000	0.000000	0.000000	0.000000	0	N/A	N/A	N/A	N/A
62	195	0	0	0.000000	1.205128	1.205128	0.000000	0.000000	0.000000	0.000000	0.000000	0.000000	0	N/A	N/A	N/A	N/A
63	228	0	0	0.000000	1.688596	1.688596	0.000000	0.000000	0.000000	0.000000	0.000000	0.000000	0	N/A	N/A	N/A	N/A
64	433	0	0	0.000000	2.953811	2.953811	0.000000	0.000000	0.000000	0.000000	0.000000	0.000000	0	N/A	N/A	N/A	N/A
65	316	0	0	0.000000	1.566456	1.566456	0.000000	0.000000	0.000000	0.000000	0.000000	0.000000	0	N/A	N/A	N/A	N/A
66	501	0	0	0.000000	2.716567	2.716567	0.000000	0.000000	0.000000	0.000000	0.000000	0.000000	0	N/A	N/A	N/A	N/A
67	80	0	0	0.000000	2.312500	2.312500	0.000000	0.000000	0.000000	0.000000	0.000000	0.000000	0	N/A	N/A	N/A	N/A
68	84	0	0	0.000000	2.607143	2.607143	0.000000	0.000000	0.000000	0.000000	0.000000	0.000000	0	N/A	N/A	N/A	N/A
69	285	0	0	0.000000	2.242105	2.242105	0.000000	0.000000	0.000000	0.000000	0.000000	0.000000	0	N/A	N/A	N/A	N/A
70	387	0	0	0.000000	1.560724	1.560724	0.000000	0.000000	0.000000	0.000000	0.000000	0.000000	0	N/A	N/A	N/A	N/A
71	233	0	0	0.000000	1.699571	1.699571	0.000000	0.000000	0.000000	0.000000	0.000000	0.000000	0	N/A	N/A	N/A	N/A
72	49	0	0	0.000000	1.326531	1.326531	0.000000	0.000000	0.000000	0.000000	0.000000	0.000000	0	N/A	N/A	N/A	N/A
73	319	0	0	0.000000	2.266458	2.266458	0.000000	0.000000	0.000000	0.000000	0.000000	0.000000	0	N/A	N/A	N/A	N/A
74	146	0	0	0.000000	1.349315	1.349315	0.000000	0.000000	0.000000	0.000000	0.000000	0.000000	0	N/A	N/A	N/A	N/A
75	456	0	0	0.000000	1.780702	1.780702	0.000000	0.000000	0.000000	0.000000	0.000000	0.000000	0	N/A	N/A	N/A	N/A
76	339	0	0	0.000000	1.687316	1.687316	0.000000	0.000000	0.000000	0.000000	0.000000	0.000000	0	N/A	N/A	N/A	N/A
77	104	2	0	0.000000	2.990385	2.990385	0.000000	0.000000	0.000000	0.000000	0.000000	0.000000	0	N/A	N/A	N/A	N/A
78	697	2	0	0.000000	8.232425	7.974175	0.000000	0.000000	0.000000	0.000000	0.000000	0.000000	0	N/A	N/A	N/A	N/A
79	241	0	0	0.000000	2.497925	2.497925	0.000000	0.000000	0.000000	0.000000	0.000000	0.000000	0	N/A	N/A	N/A	N/A
80	106	0	0	0.000000	1.500000	1.500000	0.000000	0.000000	0.000000	0.000000	0.000000	0.000000	0	N/A	N/A	N/A	N/A
81	271	0	0	0.000000	1.926199	1.926199	0.000000	0.000000	0.000000	0.000000	0.000000	0.000000	0	N/A	N/A	N/A	N/A
82	273	0	0	0.000000	2.029304	2.029304	0.000000	0.000000	0.000000	0.000000	0.000000	0.000000	0	N/A	N/A	N/A	N/A
83	94	0	0	0.000000	3.127660	3.127660	0.000000	0.000000	0.000000	0.000000	0.000000	0.000000	0	N/A	N/A	N/A	N/A
84	80	0	0	0.000000	2.750000	2.750000	0.000000	0.000000	0.000000	0.000000	0.000000	0.000000	0	N/A	N/A	N/A	N/A
85	204	0	0	0.000000	1.901961	1.901961	0.000000	0.000000	0.000000	0.000000	0.000000	0.000000	0	N/A	N/A	N/A	N/A
86	669	0	0	0.000000	2.575486	2.575486	0.000000	0.000000	0.000000	0.000000	0.000000	0.000000	0	N/A	N/A	N/A	N/A
87	67	0	0	0.000000	1.910448	1.910448	0.000000	0.000000	0.000000	0.000000	0.000000	0.000000	0	N/A	N/A	N/A	N/A
88	291	0	0	0.000000	2.154639	2.154639	0.000000	0.000000	0.000000	0.000000	0.000000	0.000000	0	N/A	N/A	N/A	N/A
89	454	0	0	0.000000	1.497797	1.497797	0.000000	0.000000	0.000000	0.000000	0.000000	0.000000	0	N/A	N/A	N/A	N/A
90	143	0	0	0.000000	2.090909	2.090909	0.000000	0.000000	0.000000	0.000000	0.000000	0.000000	0	N/A	N/A	N/A	N/A
91	111	0	0	0.000000	1.405405	1.405405	0.000000	0.000000	0.000000	0.000000	0.000000	0.000000	0	N/A	N/A	N/A	N/A
92	109	0	0	0.000000	2.045872	2.045872	0.000000	0.000000	0.000000	0.000000	0.000000	0.000000	0	N/A	N/A	N/A	N/A
93	108	0	0	0.000000	1.611111	1.611111	0.000000	0.000000	0.000000	0.000000	0.000000	0.000000	0	N/A	N/A	N/A	N/A
94	101	0	0	0.000000	2.118812	2.118812	0.000000	0.000000	0.000000	0.000000	0.000000	0.000000	0	N/A	N/A	N/A	N/A
95	205	0	0	0.000000	1.590244	1.590244	0.000000	0.000000	0.000000	0.000000	0.000000	0.000000	0	N/A	N/A	N/A	N/A
96	328	0	0	0.000000	2.253049	2.253049	0.000000	0.000000	0.000000	0.000000	0.000000	0.000000	0	N/A	N/A	N/A	N/A
97	25	1	1	0.000000	2.720000	2.720000	0.000000	0.000000	0.000000	0.000000	0.000000	0.000000	0	N/A	N/A	N/A	N/A
98	18	2	2	0.000000	4.500000	4.444444	0.000000	0.000000	0.000000	0.000000	0.000000	0.000000	0	N/A	N/A	N/A	N/A
99	42	1	2	0.000000	3.309524	2.833333	0.000000	0.000000	0.000000	0.000000	0.000000	0.000000	0	N/A	N/A	N/A	N/A
100	80	0	0	0.000000	1.875000	1.875000	0.000000	0.000000	0.000000	0.000000	0.000000	0.000000	0	N/A	N/A	N/A	N/A
101	102	0	0	0.000000	2.931373	2.931373	0.000000	0.000000	0.000000	0.000000	0.000000	0.000000	0	N/A	N/A	N/A	N/A
102	83	0	0	0.000000	1.927711	1.927711	0.000000	0.000000	0.000000	0.000000	0.000000	0.000000	0	N/A	N/A	N/A	N/A
103	48	0	0	0.000000	2.000000	2.000000	0.000000	0.000000	0.000000	0.000000	0.000000	0.000000	0	N/A	N/A	N/A	N/A
104	109	0	0	0.000000	1.376147	1.376147	0.000000	0.000000	0.000000	0.000000	0.000000	0.000000	0	N/A	N/A	N/A	N/A
105	352	0	0	0.000000	1.784091	1.784091	0.000000	0.000000	0.000000	0.000000	0.000000	0.000000	0	N/A	N/A	N/A	N/A
106	242	0	0	0.000000	1.276860	1.276860	0.000000	0.000000	0.000000	0.000000	0.000000	0.000000	0	N/A	N/A	N/A	N/A
107	191	0	0	0.000000	1.565445	1.565445	0.000000	0.000000	0.000000	0.000000	0.000000	0.000000	0	N/A	N/A	N/A	N/A
108	123	0	0	0.000000	1.552846	1.552846	0.000000	0.000000	0.000000	0.000000	0.000000	0.000000	0	N/A	N/A	N/A	N/A
109	200	0	0	0.000000	1.745000	1.745000	0.000000	0.000000	0.000000	0.000000	0.000000	0.000000	0	N/A	N/A	N/A	N/A
110	228	0	0	0.000000	2.074561	2.074561	0.000000	0.000000	0.000000	0.000000	0.000000	0.000000	0	N/A	N/A	N/A	N/A
111	43	0	0	0.000000	2.000000	2.000000	0.000000	0.000000	0.000000	0.000000	0.000000	0.000000	0	N/A	N/A	N/A	N/A
112	187	0	0	0.000000	1.042781	1.042781	0.000000	0.000000	0.000000	0.000000	0.000000	0.000000	0	N/A	N/A	N/A	N/A
113	241	0	0	0.000000	2.269710	2.269710	0.000000	0.000000	0.000000	0.000000	0.000000	0.000000	0	N/A	N/A	N/A	N/A
114	194	0	0	0.000000	2.036082	2.036082	0.000000	0.000000	0.000000	0.000000	0.000000	0.000000	0	N/A	N/A	N/A	N/A
115	706	0	0	0.000000	2.344193	2.344193	0.000000	0.000000	0.000000	0.000000	0.000000	0.000000	0	N/A	N/A	N/A	N/A
116	85	0	0	0.000000	1.364706	1.364706	0.000000	0.000000	0.000000	0.000000	0.000000	0.000000	0	N/A	N/A	N/A	N/A
117	140	0	0	0.000000	3.157143	3.157143	0.000000	0.000000	0.000000	0.000000	0.000000	0.000000	0	N/A	N/A	N/A	N/A
118	300	0	0	0.000000	2.016667	2.016667	0.000000	0.000000	0.000000	0.000000	0.000000	0.000000	0	N/A	N/A	N/A	N/A
119	249	0	0	0.000000	1.526104	1.526104	0.000000	0.000000	0.000000	0.000000	0.000000	0.000000	0	N/A	N/A	N/A	N/A
120	298	0	0	0.000000	2.684564	2.684564	0.000000	0.000000	0.000000	0.000000	0.000000	0.000000	0	N/A	N/A	N/A	N/A
121	47	0	0	0.000000	2.340426	2.340426	0.000000	0.000000	0.000000	0.000000	0.000000	0.000000	0	N/A	N/A	N/A	N/A
122	686	0	0	0.000000	1.663265	1.663265	0.000000	0.000000	0.000000	0.000000	0.000000	0.000000	0	N/A	N/A	N/A	N/A
123	270	0	0	0.000000	1.677778	1.677778	0.000000	0.000000	0.000000	0.000000	0.000000	0.000000	0	N/A	N/A	N/A	N/A
124	295	0	0	0.000000	2.505085	2.505085	0.000000	0.000000	0.000000	0.000000	0.000000	0.000000	0	N/A	N/A	N/A	N/A
125	80	0	0	0.000000	1.850000	1.850000	0.000000	0.000000	0.000000	0.000000	0.000000	0.000000	0	N/A	N/A	N/A	N/A
126	80	0	0	0.000000	1.575000	1.575000	0.000000	0.000000	0.000000	0.000000	0.000000	0.000000	0	N/A	N/A	N/A	N/A
127	114	0	0	0.000000	1.526316	1.526316	0.000000	0.000000	0.000000	0.000000	0.000000	0.000000	0	N/A	N/A	N/A	N/A
128	80	0	0	0.000000	1.987500	1.987500	0.000000	0.000000	0.000000	0.000000	0.000000	0.000000	0	N/A	N/A	N/A	N/A
129	335	0	0	0.000000	2.349254	2.349254	0.000000	0.000000	0.000000	0.000000	0.000000	0.000000	0	N/A	N/A	N/A	N/A
130	97	0	0	0.000000	1.628866	1.628866	0.000000	0.000000	0.000000	0.000000	0.000000	0.000000	0	N/A	N/A	N/A	N/A
131	191	0	0	0.000000	1.256545	1.256545	0.000000	0.000000	0.000000	0.000000	0.000000	0.000000	0	N/A	N/A	N/A	N/A
132	312	0	0	0.000000	2.759615	2.759615	0.000000	0.000000	0.000000	0.000000	0.000000	0.000000	0	N/A	N/A	N/A	N/A
133	332	0	0	0.000000	2.045181	2.045181	0.000000	0.000000	0.000000	0.000000	0.000000	0.000000	0	N/A	N/A	N/A	N/A
134	569	0	0	0.000000	3.637961	3.637961	0.000000	0.000000	0.000000	0.000000	0.000000	0.000000	0	N/A	N/A	N/A	N/A
135	223	0	0	0.000000	1.771300	1.771300	0.000000	0.000000	0.000000	0.000000	0.000000	0.000000	0	N/A	N/A	N/A	N/A
136	289	0	0	0.000000	1.570934	1.570934	0.000000	0.000000	0.000000	0.000000	0.000000	0.000000	0	N/A	N/A	N/A	N/A
137	81	0	0	0.000000	3.469136	3.469136	0.000000	0.000000	0.000000	0.000000	0.000000	0.000000	0	N/A	N/A	N/A	N/A
138	84	0	0	0.000000	3.190476	3.190476	0.000000	0.000000	0.000000	0.000000	0.000000	0.000000	0	N/A	N/A	N/A	N/A
139	353	0	0	0.000000	2.056657	2.056657	0.000000	0.000000	0.000000	0.000000	0.000000	0.000000	0	N/A	N/A	N/A	N/A
140	189	0	0	0.000000	2.312169	2.312169	0.000000	0.000000	0.000000	0.000000	0.000000	0.000000	0	N/A	N/A	N/A	N/A
141	334	0	0	0.000000	2.218563	2.218563	0.000000	0.000000	0.000000	0.000000	0.000000	0.000000	0	N/A	N/A	N/A	N/A
142	80	0	0	0.000000	1.650000	1.650000	0.000000	0.000000	0.000000	0.000000	0.000000	0.000000	0	N/A	N/A	N/A	N/A
143	75	0	0	0.000000	1.453333	1.453333	0.000000	0.000000	0.000000	0.000000	0.000000	0.000000	0	N/A	N/A	N/A	N/A
144	83	0	0	0.000000	1.867470	1.867470	0.000000	0.000000	0.000000	0.000000	0.000000	0.000000	0	N/A	N/A	N/A	N/A
145	98	0	0	0.000000	2.448980	2.448980	0.000000	0.000000	0.000000	0.000000	0.000000	0.000000	0	N/A	N/A	N/A	N/A
146	69	0	0	0.000000	1.985507	1.985507	0.000000	0.000000	0.000000	0.000000	0.000000	0.000000	0	N/A	N/A	N/A	N/A
147	359	0	0	0.000000	2.130919	2.130919	0.000000	0.000000	0.000000	0.000000	0.000000	0.000000	0	N/A	N/A	N/A	N/A
148	257	0	0	0.000000	1.867704	1.867704	0.000000	0.000000	0.000000	0.000000	0.000000	0.000000	0	N/A	N/A	N/A	N/A
149	936	0	0	0.000000	1.877137	1.877137	0.000000	0.000000	0.000000	0.000000	0.000000	0.000000	0	N/A	N/A	N/A	N/A
150	88	0	0	0.000000	2.852273	2.852273	0.000000	0.000000	0.000000	0.000000	0.000000	0.000000	0	N/A	N/A	N/A	N/A
151	80	0	0	0.000000	1.962500	1.962500	0.000000	0.000000	0.000000	0.000000	0.000000	0.000000	0	N/A	N/A	N/A	N/A
152	267	0	0	0.000000	1.752809	1.752809	0.000000	0.000000	0.000000	0.000000	0.000000	0.000000	0	N/A	N/A	N/A	N/A
153	94	0	0	0.000000	1.138298	1.138298	0.000000	0.000000	0.000000	0.000000	0.000000	0.000000	0	N/A	N/A	N/A	N/A
154	81	0	0	0.000000	2.555556	2.555556	0.000000	0.000000	0.000000	0.000000	0.000000	0.000000	0	N/A	N/A	N/A	N/A
155	271	0	0	0.000000	1.258303	1.258303	0.000000	0.000000	0.000000	0.000000	0.000000	0.000000	0	N/A	N/A	N/A	N/A
156	78	0	0	0.000000	1.935897	1.935897	0.000000	0.000000	0.000000	0.000000	0.000000	0.000000	0	N/A	N/A	N/A	N/A
157	100	0	0	0.000000	1.860000	1.860000	0.000000	0.000000	0.000000	0.000000	0.000000	0.000000	0	N/A	N/A	N/A	N/A
158	78	0	0	0.000000	1.128205	1.128205	0.000000	0.000000	0.000000	0.000000	0.000000	0.000000	0	N/A	N/A	N/A	N/A
159	406	0	1	0.000000	1.950739	1.950739	0.000000	0.000000	0.000000	0.000000	0.000000	0.000000	0	N/A	N/A	N/A	N/A
160	120	0	0	0.000000	1.708333	1.708333	0.000000	0.000000	0.000000	0.000000	0.000000	0.000000	0	N/A	N/A	N/A	N/A
161	80	0	0	0.000000	2.300000	2.300000	0.000000	0.000000	0.000000	0.000000	0.000000	0.000000	0	N/A	N/A	N/A	N/A
162	75	0	0	0.000000	1.920000	1.920000	0.000000	0.000000	0.000000	0.000000	0.000000	0.000000	0	N/A	N/A	N/A	N/A
163	252	0	0	0.000000	1.619048	1.619048	0.000000	0.000000	0.000000	0.000000	0.000000	0.000000	0	N/A	N/A	N/A	N/A
164	80	0	0	0.000000	2.512500	2.512500	0.000000	0.000000	0.000000	0.000000	0.000000	0.000000	0	N/A	N/A	N/A	N/A
165	63	0	0	0.000000	2.619048	2.619048	0.000000	0.000000	0.000000	0.000000	0.000000	0.000000	0	N/A	N/A	N/A	N/A
166	154	0	0	0.000000	1.980519	1.980519	0.000000	0.000000	0.000000	0.000000	0.000000	0.000000	0	N/A	N/A	N/A	N/A
167	93	0	0	0.000000	3.139785	3.139785	0.000000	0.000000	0.000000	0.000000	0.000000	0.000000	0	N/A	N/A	N/A	N/A
168	51	0	0	0.000000	2.000000	2.000000	0.000000	0.000000	0.000000	0.000000	0.000000	0.000000	0	N/A	N/A	N/A	N/A
169	59	0	0	0.000000	1.762712	1.762712	0.000000	0.000000	0.000000	0.000000	0.000000	0.000000	0	N/A	N/A	N/A	N/A
170	80	0	0	0.000000	2.000000	2.000000	0.000000	0.000000	0.000000	0.000000	0.000000	0.000000	0	N/A	N/A	N/A	N/A
171	249	0	0	0.000000	2.835341	2.835341	0.000000	0.000000	0.000000	0.000000	0.000000	0.000000	0	N/A	N/A	N/A	N/A
172	549	0	0	0.000000	2.393443	2.393443	0.000000	0.000000	0.000000	0.000000	0.000000	0.000000	0	N/A	N/A	N/A	N/A
173	198	0	0	0.000000	1.535354	1.535354	0.000000	0.000000	0.000000	0.000000	0.000000	0.000000	0	N/A	N/A	N/A	N/A
174	50	0	0	0.000000	1.020000	1.020000	0.000000	0.000000	0.000000	0.000000	0.000000	0.000000	0	N/A	N/A	N/A	N/A
175	331	0	0	0.000000	2.577039	2.577039	0.000000	0.000000	0.000000	0.000000	0.000000	0.000000	0	N/A	N/A	N/A	N/A
176	225	0	0	0.000000	1.551111	1.551111	0.000000	0.000000	0.000000	0.000000	0.000000	0.000000	0	N/A	N/A	N/A	N/A
177	80	0	0	0.000000	2.325000	2.325000	0.000000	0.000000	0.000000	0.000000	0.000000	0.000000	0	N/A	N/A	N/A	N/A
178	241	0	0	0.000000	2.572614	2.572614	0.000000	0.000000	0.000000	0.000000	0.000000	0.000000	0	N/A	N/A	N/A	N/A
179	378	0	0	0.000000	2.325397	2.325397	0.000000	0.000000	0.000000	0.000000	0.000000	0.000000	0	N/A	N/A	N/A	N/A
180	321	0	0	0.000000	2.947040	2.947040	0.000000	0.000000	0.000000	0.000000	0.000000	0.000000	0	N/A	N/A	N/A	N/A
181	260	1	0	0.000000	3.684615	3.684615	0.000000	0.000000	0.000000	0.000000	0.000000	0.000000	0	N/A	N/A	N/A	N/A
182	352	0	0	0.000000	2.028409	2.028409	0.000000	0.000000	0.000000	0.000000	0.000000	0.000000	0	N/A	N/A	N/A	N/A
183	190	0	0	0.000000	1.636842	1.636842	0.000000	0.000000	0.000000	0.000000	0.000000	0.000000	0	N/A	N/A	N/A	N/A
184	80	0	0	0.000000	1.825000	1.825000	0.000000	0.000000	0.000000	0.000000	0.000000	0.000000	0	N/A	N/A	N/A	N/A
185	109	0	0	0.000000	2.669725	2.669725	0.000000	0.000000	0.000000	0.000000	0.000000	0.000000	0	N/A	N/A	N/A	N/A
186	80	0	0	0.000000	1.612500	1.612500	0.000000	0.000000	0.000000	0.000000	0.000000	0.000000	0	N/A	N/A	N/A	N/A
187	80	0	0	0.000000	1.550000	1.550000	0.000000	0.000000	0.000000	0.000000	0.000000	0.000000	0	N/A	N/A	N/A	N/A
188	98	0	0	0.000000	2.265306	2.265306	0.000000	0.000000	0.000000	0.000000	0.000000	0.000000	0	N/A	N/A	N/A	N/A
189	80	0	0	0.000000	2.550000	2.550000	0.000000	0.000000	0.000000	0.000000	0.000000	0.000000	0	N/A	N/A	N/A	N/A
190	80	0	0	0.000000	1.800000	1.800000	0.000000	0.000000	0.000000	0.000000	0.000000	0.000000	0	N/A	N/A	N/A	N/A
191	82	0	0	0.000000	3.719512	3.719512	0.000000	0.000000	0.000000	0.000000	0.000000	0.000000	0	N/A	N/A	N/A	N/A
192	408	0	0	0.000000	2.482843	2.482843	0.000000	0.000000	0.000000	0.000000	0.000000	0.000000	0	N/A	N/A	N/A	N/A
193	182	0	0	0.000000	2.582418	2.582418	0.000000	0.000000	0.000000	0.000000	0.000000	0.000000	0	N/A	N/A	N/A	N/A
194	321	0	0	0.000000	1.990654	1.990654	0.000000	0.000000	0.000000	0.000000	0.000000	0.000000	0	N/A	N/A	N/A	N/A
195	243	0	0	0.000000	1.555556	1.555556	0.000000	0.000000	0.000000	0.000000	0.000000	0.000000	0	N/A	N/A	N/A	N/A
196	93	0	0	0.000000	2.537634	2.537634	0.000000	0.000000	0.000000	0.000000	0.000000	0.000000	0	N/A	N/A	N/A	N/A
197	215	0	0	0.000000	1.962791	1.962791	0.000000	0.000000	0.000000	0.000000	0.000000	0.000000	0	N/A	N/A	N/A	N/A
198	244	0	0	0.000000	3.754098	3.754098	0.000000	0.000000	0.000000	0.000000	0.000000	0.000000	0	N/A	N/A	N/A	N/A
199	67	0	0	0.000000	2.000000	2.000000	0.000000	0.000000	0.000000	0.000000	0.000000	0.000000	0	N/A	N/A	N/A	N/A
200	184	0	0	0.000000	1.206522	1.206522	0.000000	0.000000	0.000000	0.000000	0.000000	0.000000	0	N/A	N/A	N/A	N/A
201	219	0	0	0.000000	1.438356	1.438356	0.000000	0.000000	0.000000	0.000000	0.000000	0.000000	0	N/A	N/A	N/A	N/A
202	59	0	0	0.000000	2.000000	2.000000	0.000000	0.000000	0.000000	0.000000	0.000000	0.000000	0	N/A	N/A	N/A	N/A
203	179	0	0	0.000000	2.050279	2.050279	0.000000	0.000000	0.000000	0.000000	0.000000	0.000000	0	N/A	N/A	N/A	N/A
204	298	0	0	0.000000	2.268456	2.268456	0.000000	0.000000	0.000000	0.000000	0.000000	0.000000	0	N/A	N/A	N/A	N/A
205	124	0	0	0.000000	1.854839	1.854839	0.000000	0.000000	0.000000	0.000000	0.000000	0.000000	0	N/A	N/A	N/A	N/A
206	80	0	0	0.000000	1.725000	1.725000	0.000000	0.000000	0.000000	0.000000	0.000000	0.000000	0	N/A	N/A	N/A	N/A
207	207	0	0	0.000000	1.840580	1.840580	0.000000	0.000000	0.000000	0.000000	0.000000	0.000000	0	N/A	N/A	N/A	N/A
208	80	0	0	0.000000	3.112500	3.112500	0.000000	0.000000	0.000000	0.000000	0.000000	0.000000	0	N/A	N/A	N/A	N/A
209	315	0	0	0.000000	2.939683	2.939683	0.000000	0.000000	0.000000	0.000000	0.000000	0.000000	0	N/A	N/A	N/A	N/A
210	83	0	0	0.000000	2.674699	2.674699	0.000000	0.000000	0.000000	0.000000	0.000000	0.000000	0	N/A	N/A	N/A	N/A
211	82	0	0	0.000000	1.134146	1.134146	0.000000	0.000000	0.000000	0.000000	0.000000	0.000000	0	N/A	N/A	N/A	N/A
212	238	0	0	0.000000	1.945378	1.945378	0.000000	0.000000	0.000000	0.000000	0.000000	0.000000	0	N/A	N/A	N/A	N/A
213	331	0	0	0.000000	1.691843	1.691843	0.000000	0.000000	0.000000	0.000000	0.000000	0.000000	0	N/A	N/A	N/A	N/A
214	116	0	0	0.000000	2.017241	2.017241	0.000000	0.000000	0.000000	0.000000	0.000000	0.000000	0	N/A	N/A	N/A	N/A
215	77	0	0	0.000000	1.402597	1.402597	0.000000	0.000000	0.000000	0.000000	0.000000	0.000000	0	N/A	N/A	N/A	N/A
216	80	0	0	0.000000	2.000000	2.000000	0.000000	0.000000	0.000000	0.000000	0.000000	0.000000	0	N/A	N/A	N/A	N/A
217	80	0	0	0.000000	2.837500	2.837500	0.000000	0.000000	0.000000	0.000000	0.000000	0.000000	0	N/A	N/A	N/A	N/A
218	300	0	0	0.000000	1.816667	1.816667	0.000000	0.000000	0.000000	0.000000	0.000000	0.000000	0	N/A	N/A	N/A	N/A
219	269	0	0	0.000000	1.494424	1.494424	0.000000	0.000000	0.000000	0.000000	0.000000	0.000000	0	N/A	N/A	N/A	N/A
220	106	0	0	0.000000	1.830189	1.830189	0.000000	0.000000	0.000000	0.000000	0.000000	0.000000	0	N/A	N/A	N/A	N/A
221	80	0	0	0.000000	1.775000	1.775000	0.000000	0.000000	0.000000	0.000000	0.000000	0.000000	0	N/A	N/A	N/A	N/A
222	100	0	0	0.000000	1.510000	1.510000	0.000000	0.000000	0.000000	0.000000	0.000000	0.000000	0	N/A	N/A	N/A	N/A
223	242	0	0	0.000000	2.561983	2.561983	0.000000	0.000000	0.000000	0.000000	0.000000	0.000000	0	N/A	N/A	N/A	N/A
224	80	0	0	0.000000	1.562500	1.562500	0.000000	0.000000	0.000000	0.000000	0.000000	0.000000	0	N/A	N/A	N/A	N/A
225	80	0	0	0.000000	1.937500	1.937500	0.000000	0.000000	0.000000	0.000000	0.000000	0.000000	0	N/A	N/A	N/A	N/A
226	80	0	0	0.000000	2.075000	2.075000	0.000000	0.000000	0.000000	0.000000	0.000000	0.000000	0	N/A	N/A	N/A	N/A
227	239	0	0	0.000000	2.213389	2.213389	0.000000	0.000000	0.000000	0.000000	0.000000	0.000000	0	N/A	N/A	N/A	N/A
228	80	0	0	0.000000	1.900000	1.900000	0.000000	0.000000	0.000000	0.000000	0.000000	0.000000	0	N/A	N/A	N/A	N/A
229	299	0	0	0.000000	2.341137	2.341137	0.000000	0.000000	0.000000	0.000000	0.000000	0.000000	0	N/A	N/A	N/A	N/A
230	74	0	0	0.000000	1.675676	1.675676	0.000000	0.000000	0.000000	0.000000	0.000000	0.000000	0	N/A	N/A	N/A	N/A
231	62	0	0	0.000000	1.129032	1.129032	0.000000	0.000000	0.000000	0.000000	0.000000	0.000000	0	N/A	N/A	N/A	N/A
232	73	0	0	0.000000	1.958904	1.958904	0.000000	0.000000	0.000000	0.000000	0.000000	0.000000	0	N/A	N/A	N/A	N/A
233	99	0	0	0.000000	2.373737	2.373737	0.000000	0.000000	0.000000	0.000000	0.000000	0.000000	0	N/A	N/A	N/A	N/A
234	75	0	0	0.000000	1.680000	1.680000	0.000000	0.000000	0.000000	0.000000	0.000000	0.000000	0	N/A	N/A	N/A	N/A
235	66	0	0	0.000000	1.939394	1.939394	0.000000	0.000000	0.000000	0.000000	0.000000	0.000000	0	N/A	N/A	N/A	N/A
236	73	0	0	0.000000	1.958904	1.958904	0.000000	0.000000	0.000000	0.000000	0.000000	0.000000	0	N/A	N/A	N/A	N/A
237	243	0	0	0.000000	1.493827	1.493827	0.000000	0.000000	0.000000	0.000000	0.000000	0.000000	0	N/A	N/A	N/A	N/A
238	80	0	0	0.000000	1.575000	1.575000	0.000000	0.000000	0.000000	0.000000	0.000000	0.000000	0	N/A	N/A	N/A	N/A
239	59	0	0	0.000000	2.000000	2.000000	0.000000	0.000000	0.000000	0.000000	0.000000	0.000000	0	N/A	N/A	N/A	N/A
240	246	0	0	0.000000	2.272358	2.272358	0.000000	0.000000	0.000000	0.000000	0.000000	0.000000	0	N/A	N/A	N/A	N/A
241	80	0	0	0.000000	1.362500	1.362500	0.000000	0.000000	0.000000	0.000000	0.000000	0.000000	0	N/A	N/A	N/A	N/A
242	63	0	0	0.000000	1.777778	1.777778	0.000000	0.000000	0.000000	0.000000	0.000000	0.000000	0	N/A	N/A	N/A	N/A
243	288	0	0	0.000000	1.885417	1.885417	0.000000	0.000000	0.000000	0.000000	0.000000	0.000000	0	N/A	N/A	N/A	N/A
244	83	0	0	0.000000	2.698795	2.698795	0.000000	0.000000	0.000000	0.000000	0.000000	0.000000	0	N/A	N/A	N/A	N/A
245	102	0	0	0.000000	3.058824	3.058824	0.000000	0.000000	0.000000	0.000000	0.000000	0.000000	0	N/A	N/A	N/A	N/A
246	96	0	0	0.000000	3.489583	3.489583	0.000000	0.000000	0.000000	0.000000	0.000000	0.000000	0	N/A	N/A	N/A	N/A
247	82	0	0	0.000000	1.926829	1.926829	0.000000	0.000000	0.000000	0.000000	0.000000	0.000000	0	N/A	N/A	N/A	N/A
248	112	0	0	0.000000	2.133929	2.133929	0.000000	0.000000	0.000000	0.000000	0.000000	0.000000	0	N/A	N/A	N/A	N/A
249	21	1	1	0.000000	1.857143	1.857143	0.000000	0.000000	0.000000	0.000000	0.000000	0.000000	0	N/A	N/A	N/A	N/A
250	84	0	0	0.000000	1.904762	1.904762	0.000000	0.000000	0.000000	0.000000	0.000000	0.000000	0	N/A	N/A	N/A	N/A
251	228	0	0	0.000000	1.434211	1.434211	0.000000	0.000000	0.000000	0.000000	0.000000	0.000000	0	N/A	N/A	N/A	N/A
252	60	0	0	0.000000	1.716667	1.716667	0.000000	0.000000	0.000000	0.000000	0.000000	0.000000	0	N/A	N/A	N/A	N/A
253	62	0	0	0.000000	2.000000	2.000000	0.000000	0.000000	0.000000	0.000000	0.000000	0.000000	0	N/A	N/A	N/A	N/A
254	48	0	0	0.000000	1.687500	1.687500	0.000000	0.000000	0.000000	0.000000	0.000000	0.000000	0	N/A	N/A	N/A	N/A
255	66	0	0	0.000000	2.924242	2.924242	0.000000	0.000000	0.000000	0.000000	0.000000	0.000000	0	N/A	N/A	N/A	N/A
256	75	0	0	0.000000	2.000000	2.000000	0.000000	0.000000	0.000000	0.000000	0.000000	0.000000	0	N/A	N/A	N/A	N/A
257	55	0	0	0.000000	2.000000	2.000000	0.000000	0.000000	0.000000	0.000000	0.000000	0.000000	0	N/A	N/A	N/A	N/A
258	254	0	0	0.000000	1.515748	1.515748	0.000000	0.000000	0.000000	0.000000	0.000000	0.000000	0	N/A	N/A	N/A	N/A
259	251	0	0	0.000000	1.274900	1.274900	0.000000	0.000000	0.000000	0.000000	0.000000	0.000000	0	N/A	N/A	N/A	N/A
260	74	0	0	0.000000	2.000000	2.000000	0.000000	0.000000	0.000000	0.000000	0.000000	0.000000	0	N/A	N/A	N/A	N/A
261	120	0	0	0.000000	2.225000	2.225000	0.000000	0.000000	0.000000	0.000000	0.000000	0.000000	0	N/A	N/A	N/A	N/A
262	244	0	0	0.000000	1.348361	1.348361	0.000000	0.000000	0.000000	0.000000	0.000000	0.000000	0	N/A	N/A	N/A	N/A
263	102	0	0	0.000000	1.431373	1.431373	0.000000	0.000000	0.000000	0.000000	0.000000	0.000000	0	N/A	N/A	N/A	N/A
264	145	0	0	0.000000	2.241379	2.241379	0.000000	0.000000	0.000000	0.000000	0.000000	0.000000	0	N/A	N/A	N/A	N/A
265	80	0	0	0.000000	2.200000	2.200000	0.000000	0.000000	0.000000	0.000000	0.000000	0.000000	0	N/A	N/A	N/A	N/A
266	78	0	0	0.000000	1.769231	1.769231	0.000000	0.000000	0.000000	0.000000	0.000000	0.000000	0	N/A	N/A	N/A	N/A
267	309	0	0	0.000000	2.029126	2.029126	0.000000	0.000000	0.000000	0.000000	0.000000	0.000000	0	N/A	N/A	N/A	N/A
268	100	0	0	0.000000	1.860000	1.860000	0.000000	0.000000	0.000000	0.000000	0.000000	0.000000	0	N/A	N/A	N/A	N/A
269	199	0	0	0.000000	1.206030	1.206030	0.000000	0.000000	0.000000	0.000000	0.000000	0.000000	0	N/A	N/A	N/A	N/A
270	80	0	0	0.000000	1.462500	1.462500	0.000000	0.000000	0.000000	0.000000	0.000000	0.000000	0	N/A	N/A	N/A	N/A
271	78	0	0	0.000000	2.000000	2.000000	0.000000	0.000000	0.000000	0.000000	0.000000	0.000000	0	N/A	N/A	N/A	N/A
272	70	0	0	0.000000	1.985714	1.985714	0.000000	0.000000	0.000000	0.000000	0.000000	0.000000	0	N/A	N/A	N/A	N/A
273	80	0	0	0.000000	2.162500	2.162500	0.000000	0.000000	0.000000	0.000000	0.000000	0.000000	0	N/A	N/A	N/A	N/A
274	103	0	0	0.000000	1.553398	1.553398	0.000000	0.000000	0.000000	0.000000	0.000000	0.000000	0	N/A	N/A	N/A	N/A
275	116	0	0	0.000000	1.775862	1.775862	0.000000	0.000000	0.000000	0.000000	0.000000	0.000000	0	N/A	N/A	N/A	N/A
276	60	0	0	0.000000	1.566667	1.566667	0.000000	0.000000	0.000000	0.000000	0.000000	0.000000	0	N/A	N/A	N/A	N/A
277	76	0	0	0.000000	1.236842	1.236842	0.000000	0.000000	0.000000	0.000000	0.000000	0.000000	0	N/A	N/A	N/A	N/A
278	80	0	0	0.000000	1.812500	1.812500	0.000000	0.000000	0.000000	0.000000	0.000000	0.000000	0	N/A	N/A	N/A	N/A
279	80	0	0	0.000000	2.387500	2.387500	0.000000	0.000000	0.000000	0.000000	0.000000	0.000000	0	N/A	N/A	N/A	N/A
280	51	0	0	0.000000	1.549020	1.549020	0.000000	0.000000	0.000000	0.000000	0.000000	0.000000	0	N/A	N/A	N/A	N/A
281	92	0	0	0.000000	2.423913	2.423913	0.000000	0.000000	0.000000	0.000000	0.000000	0.000000	0	N/A	N/A	N/A	N/A
282	60	0	0	0.000000	2.000000	2.000000	0.000000	0.000000	0.000000	0.000000	0.000000	0.000000	0	N/A	N/A	N/A	N/A
283	80	0	0	0.000000	1.725000	1.725000	0.000000	0.000000	0.000000	0.000000	0.000000	0.000000	0	N/A	N/A	N/A	N/A
284	75	0	0	0.000000	1.746667	1.746667	0.000000	0.000000	0.000000	0.000000	0.000000	0.000000	0	N/A	N/A	N/A	N/A
285	21	1	1	0.000000	2.000000	2.000000	0.000000	0.000000	0.000000	0.000000	0.000000	0.000000	0	N/A	N/A	N/A	N/A
286	114	0	0	0.000000	1.403509	1.403509	0.000000	0.000000	0.000000	0.000000	0.000000	0.000000	0	N/A	N/A	N/A	N/A
287	71	0	0	0.000000	2.000000	2.000000	0.000000	0.000000	0.000000	0.000000	0.000000	0.000000	0	N/A	N/A	N/A	N/A
288	80	0	0	0.000000	2.000000	2.000000	0.000000	0.000000	0.000000	0.000000	0.000000	0.000000	0	N/A	N/A	N/A	N/A
